05333
10510
10515
10575
10615
11100
11160
11161
11163
11164
13043
13062
13266
13289
13321
13322
14211
15005
15100
15200
16051
16106
17004
170186
170223
17109
17110
17122
17172
17224
18114
20444
20593
21123
21200
21201
21202
21348
21350
21515
23453
23554
240110
24159
24185
24224
24345
25231
26114
26117
26120
26123
26128
270000
270001
270002
27061
28218
28219
3007
3008
3033
3053
31006
31007
31191
31192
3405
34073
34087
342004
342831
34287
34304
34317
34324
34407
34420
34435
34451
34586
34589
35575
35577
38373
38406
3972
40109
40112
40130
40157
40481
40615
40983
46022
46101
46103
46519
50263
50277
50425
50482
51167
513013
53116
53119
5314
53336
54229
55223
55411
56103
56105
56106
57107
57108
59546
62424
62763
62822
62980
67121
70930
71019
71251
71264
71273
72101
72159
72960
74140
74141
74142
74143
74144
74500
76949
80309
96125
96239
96240
96241