05333
10510
10515
10575
10615
11100
11160
11160
11161
11161
11163
11163
11164
13043
13062
13266
13289
13321
13322
14211
15005
15005
15100
15200
16051
16106
17004
17004
170186
170223
17109
17110
17122
17172
17172
17224
18114
20444
20593
21123
21200
21201
21202
21348
21350
21515
23336
23453
23554
240110
24159
24185
24224
24305
24345
25231
26114
26117
26120
26123
26128
270000
270001
270002
27061
28218
28219
3007
3007
3008
3033
3053
3053
31006
31007
31066
31191
31192
3405
34073
34087
342004
34283
342831
34287
34287
34304
34304
34317
34324
34407
34420
34435
34451
34586
34589
35575
35577
38373
38373
38406
3972
40109
40112
40130
40157
40352
40481
40615
40983
46022
46033
46101
46103
46519
50263
50263
50277
50425
50425
50482
51167
513013
52006
53116
53119
5314
53336
53336
54229
54229
55223
55411
56103
56105
56106
56151
57107
57108
57319
58474
59546
6126
62351
62424
62424
62763
62822
62822
62980
67101
67109
67121
67125
67200
67312
67315
67392
67398
67465
67468
67504
67506
67508
67515
67519
67521
67528
67531
67539
67542
67548
67561
67562
67564
67577
67594
67596
67601
67604
67607
67609
67611
67613
67618
67619
67629
67651
67658
67664
67678
67684
67690
67692
67705
67706
67720
67721
67731
67743
67803
67808
67822
67826
67829
67865
67877
67879
67922
67925
67927
67932
67978
70930
71019
71251
71264
71273
72101
72159
72159
72960
72960
74140
74141
74142
74143
74144
74500
76408
76558
76628
76629
76631
76632
76634
76637
76641
76909
76915
76921
76949
77154
77220
77313
80111
80114
80115
80116
80131
80132
80134
80135
80137
80142
80155
80158
80159
80181
80200
80309
80320
80402
80415
80416
80417
80418
80420
80421
80423
80424
80428
80430
80445
80446
80507
80516
80517
80519
80520
80537
80539
80540
80541
80544
80560
80576
80598
80599
80600
80601
80607
80608
80610
80615
80616
80637
80695
80699
80712
80722
80756
80765
80779
80787
80788
80789
80792
80824
80901
80936
80971
80972
80975
80985
80991
96125
96239
96239
96240
96241

10104
10105
10107
10111
10112
10113
10114
10121
10123
10156
10167
10221
10223
1030
1031
1032
1033
1043
1044
105050
10510
10515
10521
10523
10531
10533
10542
10555
10556
10575
10585
1061
10610
10615
10655
1067
1068
1075
10760
10785
10786
10797
10801
10802
10818
10823
10824
10827
10828
10829
10906
1100
1105
11054
11056
1106
11091
1110
11100
11107
11108
11121
11122
11123
11126
11131
11141
11142
1115
11151
11152
11153
11157
11160
11161
11163
11164
11182
11183
11186
11191
11192
11193
1125
1126
1130
1150
1160
1161
1162
1163
1165
1166
120703
120704
12114
12115
1225
1226
12345
1240
12423
1251
1252
1253
1258
1259
1260
1270
12800
12802
12804
12834
12846
12851
12857
130010
130011
130012
130013
130014
130015
130018
130019
130020
130021
130023
130024
13024
13025
13043
13062
130710
130711
130712
130713
130714
130715
130717
130719
130721
130722
13102
13109
13143
13144
1322
1323
13234
1324
13246
1325
1326
13266
1327
1328
13289
1329
13321
13322
1335
1337
1340
1342
1345
13453
13454
1346
1355
1356
13594
13634
13748
13816
13881
13891
13904
13906
13941
140022
140035
140036
140037
140038
140039
140040
140041
140043
140709
140710
140711
140712
140713
140714
140715
140716
140717
1410
14100
14101
14108
14117
14151
14175
1420
14211
14222
1424
14242
1425
14252
14255
1426
1427
1430
14301
14397
1440
14401
1445
1450
14550
14551
14628
1470
1471
1472
14763
14774
14872
14922
1500
150027
15005
150054
150131
1502
15020
1503
15034
150347
150348
150370
1504
15040
150484
1505
150539
15057
150580
1506
150619
150620
150658
15067
150685
150705
1508
150836
150921
150957
150960
150962
150963
150966
150970
15100
15101
15104
15108
1511
15115
15116
1513
1514
1515
1518
15187
15200
1521
1522
1524
15300
15302
15308
15314
15318
15323
1533
15346
15352
1537
1539
1540
15423
1543
15434
1545
1546
1548
1549
1550
1552
1555
1557
1566
15660
1567
1568
15681
1569
15752
1578
15785
15791
15792
15793
1580
15803
15809
1581
1582
1584
1585
1586
15863
1587
1588
1589
15900
1591
15910
15911
1592
1595
1596
159667
16010
160105
160106
160107
160108
160109
16020
16050
16051
160705
160707
160708
160712
1608
16103
16106
16112
16114
16121
16125
16128
16129
16134
16136
1614
1628
16304
16306
1631
1634
16343
16347
16350
16368
16370
16403
1642
16427
16430
16444
1647
1648
1649
1650
1651
1653
1654
1655
1657
1658
1661
1663
1668
1669
1670
1671
1672
1673
1674
1678
1679
1682
1687
16874
16903
1692
16924
1694
17004
170138
170160
170186
170188
170194
170232
170282
170301
170310
1707
170750
170753
170758
170760
170808
170837
170845
170898
170969
17109
17110
17113
17113-1
17118
17122
1713
17139
17172
1718
17182
17220
17224
1724
1727
1728
1730
17352
17352-1
1743
1744
17549
1758
17608
1774
1778
1779
17811
17840
17867-1
17876
1790
17928
17929
1795
1806
180750
180888
18102
18106
18114
18117
1819
1848
18810
18914
1897
190207
190442
190443
190833
190984
190987
1912
19188
19196
19213
19243
19318
1936
19409
19425
1946
1949
19556
1957
1959
1960
1969
1970
1978
1979
1980
1981
19814
1984
19870
19906
19950
19984
20120
20123
20148
20195
20365
20395
20439
20444
20547
20549
20568
20590
20593
20611
20612
20613
20722
20723
20724
20799
20950
210101
210103
210104
210105
210107
210108
210109
210702
210708
210709
210710
210711
210712
210713
210716
21105
21106
21109
21112
21113
21115
21200
21201
21202
21210
21211
21250
21348
21350
21452
21453
21515
21832
21880
21882
21909
21990
220002
220703
220704
220705
22150
22151
22159
22162
22724
23107
23108
23113
23117
23120
23121
23123
23308
23310
23317
23318
23328
23351
23403
23415
23453
23469
23515
23520
23554
23568
23569
23606
23654
23921
23931
23951
23969
23975
23979
23989
240108
240109
240110
240111
240112
240114
240115
240118
240710
240712
240714
240715
240716
240717
240718
24147
24159
24185
24194
24198
24223
24224
24229
24337
24339
24341
24342
24343
24344
24345
24434
24511
24850
24929
24934
25007
25008
25009
25010
250108
25011
25012
250229
250248
250750
250815
250820
250836
25107
25108
25109
25121
25123
25135
25140
25145
25150
25207
25231
25232
25307
25353
25354
25399
25425
25719
25720
25828
25843
25847
25852
25869
25900
25903
260222
260246
260442
260443
260555
260778
260789
260987
26114
26117
26120
26123
26128
26313
26623
270000
270001
270002
270003
27031
27056
27061
270700
280001
280002
280003
280103
280104
280105
280106
280708
280709
280710
280711
280744
280745
280746
28100
28102
28107
28117
28118
28202
28203
28206
28218
28219
28222
28223
28226
28227
28256
28257
28258
28308
28310
28512
28513
28616
28642
28863
29013
29014
29017
29018
29020
29025
290702
290703
290704
290705
290706
290707
290824
29113
29121
29147
29150
29164
29165
29168
29175
29404
29700
29701
29815
29824
29956
3001
3004
3007
3008
3009
3012
30124
3013
3016
3028
3029
3033
3048
3049
3052
3053
3055
3058
3073
3077
3078
3084
3085
30913
30914
30920
3095
3096
3098
3099
3100
31000
31001
31002
31003
31004
31006
31007
31012
31017
31018
31019
3102
31020
31021
31022
31023
31024
31025
31032
31034
31035
31037
31038
31039
3104
31040
31041
31042
31043
31044
31045
31052
31057
31058
31059
3106
31060
31061
31062
31063
31064
31065
31070
31072
31077
31078
31079
31080
31081
31082
31083
3109
31092
31097
31098
31099
31100
31101
31102
31103
31104
31105
31106
31107
3111
31112
31117
31118
31119
3112
31120
31121
31122
31123
31124
31125
31126
31127
31129
31130
31131
31132
31135
31136
31137
31138
31139
31140
31141
31142
31143
31144
3115
31150
31155
31156
31157
3116
31160
31180
31181
31182
31183
31184
31185
31186
31187
31190
31191
31192
3120
3121
3123
3128
3129
3130
3131
3133
3134
3138
3140
3144
3148
3149
3169
3175
3184
3185
3201
3206
320610
3207
320741
320887
3209
320984
32144
3215
3218
3219
32214
32215
3231
3232
3235
32352
3237
32415
32421
32431
3244
3245
3259
3278
3284
32999
3304
3305
330505
330507
3306
3307
3310
3317
3321
3328
3340
33500
33501
33502
33503
33504
33506
3351
3352
33527
33528
3353
3371
3372
3374
3379
3383
3384
33870
3391
3395
3397
3398
3399
340012
340013
340014
340015
34006
34010
34011
34013
34014
34015
34016
34018
34019
3402
34034
34045
34047
3405
34051
34055
34057
34058
34063
34064
34065
34073
34074
34075
34078
34083
34085
34086
34087
34088
34089
3409
34092
34094
34095
34096
34098
34101
34105
34106
34107
34113
34114
34115
34116
34119
34120
34121
34122
34124
34125
3413
34139
34140
34144
34150
34154
34157
34158
34160
34162
34164
34166
34168
34170
34172
34174
3418
34183
34186
34187
34188
34189
34191
34193
34195
34196
34199
342003
342004
342005
342006
342007
342008
342009
34201
342010
342011
342012
342013
342014
342015
342016
342017
342018
342019
34202
34203
34204
34205
34206
34207
34208
34209
3421
34210
34211
34216
34225
34226
34230
34233
34234
34238
34243
34248
3425
34252
34253
34255
34257
34259
3426
34260
34268
34269
34273
3428
34283
342831
34285
34286
34287
34288
34292
34293
34294
34297
34300
34303
34304
34305
34307
34311
34312
34316
34317
34318
34319
34323
34324
34327
34334
34335
34336
34344
34345
34348
34350
34353
34354
34357
34363
34367
34368
34369
34371
34378
34379
3438
34380
34386
34388
34389
3439
34391
34392
34399
3440
34400
34401
34402
34404
34405
34407
34409
34413
34420
34422
34435
3444
34449
34451
34453
34456
34478
34485
34494
34498
34503
34531
34536
34547
34556
34562
34569
3457
34585
34586
34589
3459
34590
34602
34607
3461
34649
3473
3474
3478
34805
3481
34814
34815
34826
34829
34837
34852
34861
34866
34877
34885
34886
34887
34891
34906
3491
34922
34930
34932
34939
3494
34940
34943
34944
3495
34954
34956
3496
34960
34965
34966
34967
34984
34988
34995
34998
350000
350001
350002
350003
3501
3504
3506
350701
350702
350703
350704
350705
3510
3511
35110
35116
35123
35124
35132
3514
35144
35145
35146
3516
3520
35202
35203
35231
35234
3528
3533
3543
3544
3551
35528
35529
35530
3554
3555
35575
35577
3560
3567
3568
3572
3574
3579
3580
35817
35839
3585
3589
3590
3616
3621
3627
3638
3642
3644
3646
3648
3650
3651
3652
3655
3660
36609
36610
36613
36621
36638
36640
36642
36645
36656
36657
3669
36810
36811
3684
36842
3687
3692
36950
36951
36952
370001
37015
37016
3706
3707
3715
37212
3729
37310
37312
3734
3737
37400
37401
37404
37408
3743
3744
3745
3748
3750
37501
37502
37503
37505
3751
3754
3766
37800
37801
37803
37805
37806
37814
37818
37820
37821
37832
37833
37835
37836
37847
37851
37854
37857
37858
37859
3786
37863
37868
37870
37871
37873
37874
37877
37879
3788
37883
37886
37888
37889
37890
37892
37893
37897
37898
37900
37910
37911
37919
37932
37933
37937
37939
37945
37961
37962
37963
37969
37971
37972
37979
37980
37981
37983
37988
37989
3799
37990
379901
379902
379904
379906
379907
379908
379909
379910
379911
37992
37995
37996
37998
379991
380019
380024
380025
380026
380027
380028
380029
380030
380031
380032
380033
380034
380035
380036
380037
380038
38004
380040
380041
380042
380043
380044
38005
38014
38017
3802
3804
3805
380702
380714
380715
380716
380717
380718
380720
38075
38076
38077
38083
38090
38101
38111
3812
38121
38124
38126
38127
38157
38159
38161
38167
38170
3821
38272
38317
3833
38371
38373
3838
38406
38411
3844
38454
38455
38460
3847
3849
3850
38509
38516
38522
38524
38525
38545
38603
38607
3870
38717
3881
38812
3884
3885
38854
38889
38903
3892
3895
38950
38951
38952
38998
390001
390008
390014
390015
390016
390017
390019
390020
390021
390022
390023
390024
390025
390026
390027
390028
39007
3901
39015
39022
39025
39028
39042
39045
390706
390707
390709
390710
39076
39100
39110
39140
39183
39189
39204
39210
39215
3923
39252
39261
39274
3930
3931
3940
39479
39491
39493
3953
3956
3957
3960
3963
3967
3970
39716
3972
39720
3978
3979
39802
39811
39821
39838
39856
39895
3991
3993
3995
3996
400001
400002
400004
400005
400006
400007
400008
400009
400013
400014
400015
400016
400017
400018
400021
400022
400023
400024
400025
400029
400031
400035
400036
400037
400041
400042
400043
400044
400045
400046
400048
400049
400050
400051
400052
400053
400054
400055
400056
400062
400064
400068
400069
400070
400071
400072
400073
400074
400075
400076
400077
400078
400079
400080
400081
400082
400083
400084
400085
400086
400087
400088
400089
400090
400091
400092
400093
400094
400095
400096
400097
400098
400102
400103
400104
400105
400106
400107
400108
400109
400110
40102
40104
40107
40109
40111
40112
40115
40116
40123
40130
40157
40159
40161
40162
40164
40165
40171
40206
40221
40257
40323
40332
40340
40358
40393
40415
40421
40422
40451
40481
40582
40615
40650
40652
40681
40703
40709
40710
40732
40733
40765
40770
40806
40811
40827
40831
40832
40834
40836
40847
40850
40860
40868
40870
40903
40928
40941
40942
40944
40953
40957
40959
40965
40973
40976
40977
40979
40981
40983
40985
40992
40993
40994
40995
40996
40997
41006
4101
4102
410503
410506
410509
410510
410511
410512
410513
4111
4112
41127
4113
41203
41208
4121
4122
41223
4123
4124
41251
41252
4131
4132
4134
41346
4141
4142
41799
41801
41802
41809
41834
41840
4185
41855
4186
4191
4192
4193
4194
4195
4196
4199
4202
4204
4205
420702
420703
42105
4215
4216
4221
4223
42306
42307
4240
4241
4242
4245
4250
42501
4251
4252
42655
42666
4268
4270
4272
42844
430007
430009
430010
430011
430012
430013
430014
430015
430016
430017
430018
430019
430020
430707
430714
430716
430717
430718
430719
430720
430721
430722
430723
430724
430725
4310
43106
43107
43110
43111
43116
4315
43156
43157
4317
43171
4318
43201
43210
43211
43308
4341
43414
43429
43477
43491
43503
43504
43507
43511
4352
43523
43526
43548
43555
43583
43617
43704
43705
43777
4380
43851
43858
4388
4390
4393
43942
4395
4399
4400
4401
440111
440200
440777
440789
440908
44130
44133
44137
44144
44155
44156
44157
44161
44170
442
4420
4421
4422
4423
4424
44254
44256
44257
443
4430
44300
44303
44309
4431
44310
44312
44324
44357
4438
44580
44736
44837
44918
44956
44971
44999
450105
450106
450107
450108
4504
4506
4507
450703
450704
450705
450706
45108
45157
45158
45160
4517
4518
45229
4526
4527
45845
45851
460100
46011
460114
460115
460116
460117
460118
460119
460120
460121
46015
46019
46022
46023
460700
460701
460702
460704
460705
460706
460707
460708
460712
460713
460717
460720
460727
460728
460729
460730
46101
46102
46103
46105
46106
4611
46113
46127
46138
46140
46142
4617
46307
46515
46519
46529
46556
46700
4677
46806
46807
46808
46810
46817
46825
46850
4687
46952
47000
4705
4706
4711
47711
47713
47715
47716
47719
47721
47722
47723
47724
47725
47726
48045
48046
48047
48049
48054
48070
48071
48072
48085
48087
48089
48123
48130
48134
48140
48141
48148
48149
4816
48163
48164
48173
4820
48203
48207
48221
48245
48246
48274
48322
48372
48412
48413
48440
48455
48457
48502
48527
48530
48531
4855
48592
48612
4863
48632
4864
4865
4866
48676
48716
48719
48720
4874
48747
48760
48765
48771
48772
48775
48776
48780
48783
48785
48786
48787
48788
48790
48797
48799
4880
48800
48801
48802
48803
48804
48805
48807
48808
48809
48822
48829
4883
48834
48840
48859
48861
48862
48867
48870
48871
48872
48884
48885
48886
48888
48890
48892
48893
48895
4890
48900
48901
48902
48903
48904
48905
48906
48907
48908
48909
4891
48910
48911
48912
48913
4892
4896
4900
4901
4902
4903
4904
4905
4906
490660
4908
4910
4912
4913
4915
4916
4930
4931
4949
4950
4951
4952
4953
4954
49600
49601
49602
49604
49606
49607
49608
49610
49613
49614
49660
49664
49666
49667
49671
49677
49678
49680
49682
49683
49684
49685
49699
4970
49700
49701
49702
49703
49704
49706
49707
49709
4971
49710
49711
4972
4973
4974
49800
49801
49804
49807
49810
49812
49814
49815
49816
49817
49822
49824
49825
49827
49828
49834
49854
49873
49883
49897
49900
49901
50000
50003
50004
50006
50010
50018
50040
50053
50055
50058
50059
50060
50062
50065
50066
50067
50068
50069
50070
50073
50076
50082
50083
50097
50102
50110
50117
50118
50122
50123
50125
50131
50135
50137
50138
50139
50140
50142
50143
50144
50145
50146
50149
50151
50152
50199
50224
50230
50263
50270
50271
50272
50275
50276
50277
50283
50292
50324
50403
50408
50425
50482
50500
50515
50525
50535
50640
50641
50655
50707
50754
50755
50768
50795
50812
50817
50860
50888
50894
50921
50930
50950
50952
50972
50987
50999
51002
51033
51100
51101
51102
51106
51109
51110
51113
51115
51116
51117
51122
51123
51125
51129
51130
51132
51133
51134
51135
51137
51138
51139
51140
51141
51142
51143
51144
51145
51146
51147
51151
51152
51153
51161
51167
51173
51174
51175
51176
51178
51181
51184
51185
51186
51187
51188
51201
51202
51204
51205
51207
513000
513006
513009
51301
513012
513013
513014
513015
513016
513017
513019
513020
513021
51307
51349
51407
51503
51504
51505
51510
51513
51515
51516
51517
51525
51529
51531
51534
51535
51539
51541
51544
51554
51562
51564
51568
51600
51605
51611
51613
51615
51616
51617
51618
51619
51620
51622
51626
51631
51632
51633
51634
51635
51636
51637
51638
51639
51640
51641
51642
51643
51649
51650
51660
51687
51689
51696
51697
51711
51723
51725
51726
51728
51731
51732
51735
51740
51752
51754
51765
51767
51773
51776
51777
51778
51780
51787
51789
51795
51809
51810
51812
51820
51821
51823
51825
51826
51839
51877
51879
51885
51886
51890
51898
51899
51922
51923
51944
51953
51961
51963
51965
51966
51971
51972
51975
51996
51997
52000
52001
52002
52003
52006
52015
52016
52017
52019
52021
52025
52028
52030
52056
5211
52112
52113
5219
52220
52221
52304
52307
52309
52311
52324
52325
52411
52414
52415
52416
52419
52525
52542
52568
52571
52572
52640
52700
52747
52801
52860
52877
52879
53100
53101
53102
53103
53106
53107
53116
53118
53119
5312
53126
53128
53129
5313
53130
53131
53132
5314
5315
53155
53156
53161
53162
53172
53201
53202
53204
53206
53207
53208
53209
53210
53211
5323
53249
53254
53301
53302
53304
53307
53322
53330
53336
53363
5338
53380
53386
53401
53404
53457
53458
5346
53490
53514
53516
53535
53536
53542
53545
53546
53564
53606
53610
53612
53628
53635
53692
53799
53817
53838
53845
53886
53907
53908
53920
53923
53924
53930
53932
53950
53951
5396
53971
53999
54050
54100
54104
54107
54109
54110
54111
54118
54121
54124
54129
54137
54138
54139
54140
54141
54142
54143
54144
54146
54147
54148
54149
54150
54151
54152
5418
54222
54225
54229
54233
54239
54243
54254
54255
54260
54277
54288
54330
54336
54354
54358
54391
54400
54401
54440
54441
54442
54443
54444
54445
54446
54448
54449
54454
54456
54457
54458
54459
54460
54461
54613
54620
54636
54642
54643
54644
54651
54662
54664
54670
54677
54684
54699
54700
54704
54705
54706
54707
54708
54709
54710
54714
54715
54717
54720
54721
54722
54725
54730
54731
54732
54733
54741
54745
54750
54753
54754
54755
54756
54757
54758
54759
54777
54790
54791
54792
54793
54794
54795
54800
54812
54821
54835
54836
54838
54889
54904
54915
54921
55000
55003
55005
55007
55008
55009
55011
55013
55015
55022
55084
55085
55102
55106
55107
55108
55110
55111
55112
55113
55115
55116
55117
55118
55119
55120
55124
55125
55130
55135
55223
55301
55305
55306
55308
55309
55311
55312
55314
55316
55319
55321
55322
55337
55350
55354
55355
55360
55365
55370
55371
55402
55407
55411
55413
55414
55415
55425
55431
55503
55506
55507
55510
55512
55513
55515
55518
55523
55526
55527
55529
55544
55546
55547
55548
55602
55603
55604
55605
55607
55612
55613
55614
55647
55648
55649
55651
55652
55653
55654
55655
55657
55658
55659
55660
55661
55662
55678
55687
55701
55702
55708
55709
55710
55714
55717
55724
55728
55733
55735
55736
55743
55745
55746
55753
55755
55772
55780
55781
55783
55793
55795
55796
55797
55802
55803
55804
55807
55809
55810
55811
55812
55813
55815
55817
55819
55821
55824
55826
55832
55838
55841
55844
55846
55850
55856
55857
55861
55866
55870
55871
55874
55876
55878
55879
55889
55890
55894
55896
55901
55902
55904
55905
55910
55913
55914
55916
55922
55933
55935
55939
55941
55944
55945
55952
55954
55968
55969
55971
55978
55979
55983
55988
55989
55990
55994
55996
55998
56003
56004
56006
56008
56059
56062
56079
56080
56082
56087
56092
56100
56101
56103
56105
56106
56108
56115
56117
56119
56120
56122
56142
56155
56156
56161
56167
56169
56171
56176
56179
56182
56184
56185
56187
56188
56190
56191
56195
56200
56201
56203
56222
56223
56240
56259
56265
56267
56268
56269
56271
56272
56274
56276
56277
56279
56281
56283
56284
56285
56289
56303
56313
56325
56327
56353
56410
56527
56558
56575
56719
56799
56800
56803
56813
56828
56829
56831
56839
56851
56861
56865
56942
56955
56964
56968
56980
56985
56996
57002
57003
57011
57012
57013
57014
57015
57016
57020
57025
57102
57104
57107
57108
57117
57119
57121
57122
57123
57124
57125
57126
57127
57128
57130
57133
57253
57305
57307
57308
57311
57322
57340
57341
57400
57466
57467
57468
57469
57493
57495
57497
57506
57509
57510
57533
57552
57554
57556
57569
57588
57638
57654
57667
57671
57672
57687
57705
57735
57736
57747
57753
57754
57777
57778
57783
57798
57799
57804
57805
57807
57836
57838
57847
57849
57850
57851
57852
57853
57855
57858
57874
57890
57893
57895
57915
57916
57917
57921
57923
57937
57944
57949
57951
57958
57961
57963
57970
57971
57972
57979
57981
57986
57987
57988
57989
57992
57997
57999
5800
58008
5801
5808
581010
581020
581022
58105
58106
58110
58111
5812
58121
58131
58133
58138
58222
58282
58287
58290
58295
58302
58303
58304
58307
5835
58370
58388
58391
58399
58400
58402
58406
58408
58463
58465
58472
58474
58476
58479
5848
58480
58482
58485
58498
58515
58535
58571
58576
58577
58578
58579
58581
58591
58592
58648
5867
58677
58696
58702
58708
58709
58714
58719
58730
58737
58744
58745
58750
58751
58752
58753
58754
58757
58759
58812
58844
58848
58888
58895
58900
58901
58907
58909
5891
58916
58920
58923
58926
58929
58940
58960
58995
5904
5904-1
59111
59420
59501
59502
59506
59507
59508
59509
59510
59511
59512
59513
59514
59515
59516
59527
59529
59531
59533
59535
59539
59540
59541
59542
59543
59544
59545
59546
59601
59608
59611
59613
59614
59624
59625
59627
59632
59636
59639
59645
59648
59654
59657
59658
59659
59662
59665
59670
59670-1
59672
59672-1
59674
59675
59676
59703
59709
59713
59716
59720
59722
59726
59772
59777
59823
59825
59827
59828
59855
59874
59903
59911
59912
59913
59914
59918
59921
59922
59925
59928
59931
59933
59934
59937
59938
59939
59941
59943
59944
5996
59961
59963
60031
6017
61001
61012
61020
61040
61050
61060
6110
61101
61102
61103
61104
61105
61106
61110
61111
61113
6112
61120
61122
6115
6116
6117
6119
6120
61200
61202
61203
61204
61205
61206
61207
61212
61214
61216
6124
6130
61307
61310
61313
61314
61315
61317
61321
61322
61324
61326
6137
6141
61606
61637
6164
6166
6168
6170
6172
61729
6173
61732
6174
6177
61771
61772
61774
6178
61787
61794
61795
61797
61798
6180
61800
61804
61805
61806
61807
61809
6181
61814
61816
61818
6182
61820
6183
61831
6184
61840
61846
6185
61850
61855
61870
61878
61880
61888
6190
61901
6191
61913
61914
61917
61918
6192
61921
61930
61931
61933
61934
61935
61936
61938
61939
6194
61940
61942
61943
61943-2
61944
61946
61947
61992
62000
620001
620005
620006
620008
620009
620011
620013
620014
620015
620022
620025
620026
620035
620036
620038
620039
620040
620043
620044
620045
620046
620049
620052
620053
620054
620055
620057
620058
620059
620060
620061
620062
620063
620064
620065
620066
620067
620068
620069
620070
620071
620072
620073
620074
620075
620076
620077
620078
620079
620081
620082
620083
620084
620085
620086
620087
620088
620089
620090
62048
62050
62081
62099
62100
62102
62109
62110
62113
62114
62115
62116
62117
62119
62120
62121
62123
62124
62125
62129
62133
62134
62169
62193
62199
62201
62209
62210
62216
62222
62229
62232
62262
62279
62280
62284
62299
62301
62302
62303
62304
62305
62306
62308
62313
62314
62315
62316
62324
62330
62342
62352
62359
62360
62363
62366
62368
62370
62373
62383
62393
62394
62395
62396
62403
62404
62407
62410
62411
62412
62421
62424
62440
62442
62446
62449
62457
62458
62469
62473
62476
62490
62497
62498
62501
62504
62507
62516
62519
62522
62529
62531
62548
62550
62553
62554
62562
62566
62569
62575
62577
62586
62591
62602
62604
62606
62607
62611
62612
62613
62618
62619
62623
62625
62628
62632
62634
62638
62657
62669
62676
62693
62698
62700
62702
62703
62714
62721
62728
62729
62733
62740
62743
62745
62750
62752
62755
62756
62763
62764
62769
62774
62783
62784
62797
62805
62810
62811
62816
62817
62818
62819
62822
62823
62826
62834
62835
62836
62837
62838
62839
62841
62849
62858
62861
62869
62870
62872
62873
62878
62880
62885
62887
62898
62900
62903
62908
62913
62916
62917
62924
62932
62933
62948
62950
62951
62952
62962
62964
62967
62977
62978
62980
62981
62988
62994
62999
63001
63002
63003
63004
63005
63006
63009
63011
63012
63015
63020
63023
63030
63033
63034
63035
63036
63037
63038
63050
63051
63052
63053
63054
63055
63056
63059
63063
63065
63069
63070
63072
63073
631001
631004
631005
631007
631009
631010
631011
631012
631013
631014
631015
631016
631017
63102
63106
63108
63117
63614
63615
63620
63621
63628
63637
63639
63701
63702
63724
63728
63993
64100
64101
64102
64104
64105
64106
64108
64112
64113
64115
64116
64119
64127
64128
64133
64134
64135
64140
64141
64142
64150
64152
64153
64301
64304
64305
64310
64311
64312
64316
64317
64319
64320
64323
64324
64325
64327
64333
64607
64608
64611
64614
64615
64616
64617
64620
64621
64623
64626
64632
64635
64637
64640
64643
64644
64648
64652
64653
64654
64655
64656
64657
64660
64661
64662
64663
64664
64665
64666
64667
64668
64669
64670
64671
64673
64674
64676
64677
64678
64679
64704
64710
64715
64722
64723
64724
64725
64726
64728
64729
64749
64760
64761
64773
64774
64801
64825
64831
64833
64838
64842
64843
64844
64845
64847
64848
64850
64852
64854
64858
64859
64860
64861
64862
64863
64866
64867
64869
64874
64876
64882
64891
64892
64893
64894
64896
64897
64910
64911
65011
65016
65017
65027
65028
65030
65035
65101
65124
65125
65126
65127
65128
65130
65131
65213
65214
65217
65219
65223
65224
65225
65226
65227
65228
65229
65300
65307
65308
65313
65320
65321
65322
65323
65324
65614
65618
65638
65641
65646
65647
65648
65700
65701
65704
65707
65708
65710
65711
65712
65713
65714
65715
65717
65718
65719
65721
65722
65723
65724
65726
65727
65728
65729
65730
65731
65732
65733
65734
65736
65737
65738
65741
65742
65743
65744
65749
65750
65751
65752
65753
65755
65756
65757
65758
65760
65761
65762
65763
65764
65765
65766
65767
65768
65769
65770
65771
65772
65773
65774
65775
65776
65777
65778
65779
65780
65782
65783
65784
65785
65786
65787
65788
65789
65790
65791
65792
65793
65794
65796
65797
65798
65799
65800
65801
65802
65804
65805
65806
65807
65808
65810
65811
65812
65814
65816
65817
65818
65820
65822
65823
65824
65827
65831
65832
65833
65834
65835
65836
65840
65843
65845
65846
65847
65848
65849
65850
65851
65854
65856
65858
65860
65861
65862
65863
65864
65865
65866
65867
65868
65869
65870
65871
65872
65873
65874
65875
65876
666666
67001
67002
67003
67010
67099
670990
67100
671001
67101
67102
67109
67120
67121
67125
67128
67200
67313
67315
67392
67398
67465
67468
67500
67504
67506
67508
67512
67513
67515
67518
67519
67521
67523
67524
67528
67531
67536
67537
67538
67539
67542
67546
67547
67553
67561
67568
67577
67579
67594
67596
67601
67602
67603
67604
67607
67611
67613
67618
67619
67646
67651
67653
67656
67658
67660
67664
67668
67669
67672
67678
67684
67688
67689
67692
67705
67711
67718
67720
67723
67724
67725
67731
67733
67734
67739
67749
67753
67755
67778
67779
67781
67791
67801
67808
67809
67817
67820
67822
67823
67826
67831
67836
67838
67839
67841
67843
67844
67848
67858
67860
67861
67865
67866
67870
67874
67876
67877
67879
67883
67888
67890
67894
67896
67897
67913
67918
67922
67924
67925
67927
679271
67931
67932
67933
67978
67980
67996
68100
68101
68102
68103
68104
68105
68127
68128
68140
68200
68201
68202
68203
68204
68205
68206
68207
68208
6821
6832
6834
6841
6848
6858
6861
69001
69003
69101
69102
69106
69107
69115
69117
69118
69120
69123
69124
69128
69132
69134
69135
69137
69139
69149
69160
69161
69163
69166
69167
69173
69174
69203
69301
69303
69304
69306
69311
69313
69314
69319
69321
69322
69329
69330
69357
69503
69506
69510
69522
69550
69601
69603
69605
69617
69619
69620
69635
69639
69656
69667
69674
69677
69700
69702
69708
69710
69728
69771
69807
69814
69820
69835
69854
69857
69872
69875
69880
69902
69904
69917
69922
69950
69975
69991
69993
69994
69998
70102
70110
70158
70307
70311
70315
70317
70330
70334
70356
70365
70417
70511
70515
70525
70570
70600
70603
70691
70701
70712
70721
70722
70812
70820
70849
70865
70895
70910
70920
70930
70939
70940
70943
70947
70948
70950
71000
71004
71007
71012
71013
71014
71015
71018
71019
71021
71022
71023
71024
71025
71026
71029
71031
71032
71033
71034
71044
71045
71048
71049
71050
71054
71056
71057
71058
71061
71062
71065
71066
71067
71069
71070
71073
71074
71075
71077
71078
71079
71080
71081
71082
71083
71084
71085
71086
71091
71092
71095
71102
71105
71106
71108
71109
7111
71111
71112
71113
71120
71121
71122
71124
71126
71127
71133
71135
71138
71140
71143
71144
71145
71146
71148
71150
71153
71154
71157
71158
71159
71160
71162
71163
71166
71167
71169
71170
71171
71173
71174
71180
71181
71183
71184
71187
71188
71189
71192
71193
71194
71196
71197
71201
71202
71204
71207
71209
71210
71212
71213
71214
71215
71217
71218
71219
71220
71250
71251
71252
71253
71254
71255
71256
71258
71259
71260
71264
71269
71273
7130
71303
71304
71305
71312
71313
71314
71316
71321
71322
71324
71325
71332
71335
71336
71338
71339
71341
71342
71343
71344
71345
71346
71401
71402
71403
71406
71410
71413
71417
71418
71421
71422
71424
71425
71426
71427
71428
71429
71430
71431
71432
71434
71435
71436
71437
71441
71443
71445
71446
71447
71448
71449
71450
71451
71453
71454
71456
71459
71460
71461
71468
71472
71476
71478
71479
71480
71481
71483
71484
7150
71500
71501
71502
71503
71504
71505
71506
71507
71508
71509
7151
71515
71519
71521
71523
71524
71527
71528
71529
71530
71542
71601
71602
71604
71605
71608
71609
71612
71613
71614
71615
71616
71617
71618
71619
71620
71622
71625
71630
71634
71701
71702
71704
71705
71706
71708
71709
71710
71715
71718
71719
71720
71721
71723
71724
71726
71730
71731
71732
71733
71734
71736
71737
71738
71739
71740
71742
71744
71745
71747
71748
71751
71752
71753
71763
71772
71802
71803
71804
71805
71806
71807
71808
71810
71811
71812
71813
71814
71816
71817
71818
71821
71822
71824
71825
71826
71830
71832
71833
71835
71836
71837
71839
71840
71841
71844
71846
71854
71855
71904
71908
71911
71915
71916
71917
71918
71921
71924
71926
71927
71933
71934
71936
71937
71938
71941
71950
71955
71959
71961
71963
71965
71968
71976
71977
71983
71985
71986
71987
71989
71990
71991
71992
71993
71995
71996
71999
7202
72101
72107
72110
72121
72126
72128
72131
72140
72153
72154
72155
72156
72159
72160
72170
7218
72301
72320
72329
72332
72334
72336
72339
72342
72343
72345
72346
72349
72350
72356
72362
72368
72369
72373
72390
72396
72398
72501
72520
72521
72524
72525
72526
72539
72541
72542
72568
72604
7261
7262
72623
72625
72653
72659
72665
72675
72683
7269
72701
72737
72738
72788
72863
72873
72877
72920
72923
72926
72940
72941
72956
72960
72964
72966
72981
73260
73507
73509
73510
73516
73518
73540
73546
73552
73554
73558
73559
73560
73565
73566
73567
73568
73569
73601
73602
73900
73901
73903
73905
73907
73908
73911
73912
73915
73916
73920
73923
73925
73931
73933
73936
73937
73939
73954
73955
73999
7400
74100
74101
74102
74103
74104
74108
74109
74110
74111
74112
74113
74114
74115
74116
74117
74118
74119
74120
74122
74125
74126
74127
74128
74129
74130
74132
74133
74135
74140
74141
74142
74143
74144
74146
74150
74152
74153
74154
74155
74156
74157
74159
74160
74161
74162
74164
74200
74201
74204
74440
74441
74442
74443
74444
74445
74446
74447
74448
74449
74451
74500
74501
74502
74503
74504
74701
74702
74703
74704
74705
74706
74707
74992
74993
74994
74995
74996
74997
74998
74999
75001
75002
75003
75004
75350
75351
75354
75356
75358
7536
75360
75361
75362
75363
7537
75370
75371
75372
75373
75374
75375
75376
7538
7539
76001
76002
76052
76105
76131
76222
76223
76224
76225
76250
76253
76254
76255
76282
76408
76417
76419
76420
76452
76549
76550
76551
76552
76554
76555
76556
76558
76559
76560
76561
76563
76565
76628
76629
76631
76632
76634
76637
76639
76641
76689
76691
76701
76702
76703
76716
76724
76731
76750
76752
76754
76759
76760
76761
76767
769000
769001
769002
769004
769005
769006
769007
769008
769009
76901
76905
769064
769066
769067
769068
76909
76920
76921
76922
76931
76937
76943
76944
76949
76952
76956
76957
76964
76966
76967
76968
76969
76980
76989
76990
76991
76993
76995
76997
76998
76999
77090
77091
77099
77100
77101
77102
77110
77111
77114
77119
77130
77131
77133
77134
77141
77142
77152
77154
77174
77222
77258
77303
77305
77307
77313
77315
77318
77320
77322
77331
77335
77336
77342
77401
77412
77424
77501
77508
77520
77523
77532
77541
77542
77602
77603
77605
77606
77607
77609
77622
77632
77634
77635
77638
77669
77693
77695
77728
77732
77740
77742
77765
77800
77802
77805
77812
77869
77874
77891
77909
77915
77916
77929
77938
77940
77951
77962
77964
77966
77972
77976
77977
77980
77981
77989
77990
77991
78844
78862
78867
7920
7928
7929
7930
7931
79317
7932
7933
7934
7935
7937
7939
79610
79611
79612
79613
79614
79617
79618
79619
79620
79621
79622
79623
79624
7999
80001
80003
80031
80032
80033
80034
80035
8004
8005
80053
8006
8007
80077
80091
80100
80109
80111
80112
80114
80116
80125
80127
80131
80132
80133
80134
80135
80137
80153
80154
80155
80157
80158
80159
80177
80181
80187
80200
80222
80302
80306
80309
80312
80314
80320
80325
80415
80416
80417
80418
80420
80421
80423
80424
80430
80431
80445
80446
80507
80516
80517
80519
80539
80540
80541
80544
80545
80557
80558
80560
80564
80576
80579
80598
80599
80600
80601
80607
80608
80610
80612
80615
80616
80618
80625
8065
80650
80653
80654
80660
80671
80679
80695
80697
80710
80717
80738
80740
80744
80745
80756
80757
80762
80765
80779
80787
80788
80789
80790
80792
80806
80815
80816
80834
80841
80843
80851
80870
80871
80872
80879
80884
80889
80899
80901
80904
80906
80908
80915
80916
80918
80920
80922
80928
80931
80937
80942
80943
80952
80971
80978
80980
80984
80985
80986
80991
80993
80994
8100
8101
8113
8114
8115
8118
8128
8135
8144
8151
8160
81803
81807
81808
81809
81817
81822
81823
81824
81839
81850
81852
81855
8188
81892
81894
8214
8223
8227
8229
82301
82304
82309
8231
8231-1
82314
8242
8247
82508
82515
82519
82548
8260
82612
82653
82657
8276
8279
82807
8281
82814
82830
82833
82850
82851
82858
82892
82901
82904
82906
83002
8301
83106
83107
83296
83312
83313
83314
83315
83319
83320
83325
83326
83328
83335
83337
83340
833921
83394
83410
83412
83413
83510
83511
83517
83519
83520
83535
83536
83537
83812
83836
83861
83879
83880
83882
83886
83888
83899
83908
83910
83911
83915
83922
83923
83930
83931
83934
84003
84263
84593
84810
84827
84865
84870
8500
8501
8502
8503
8504
8504-3
8517
8518
8519
8520
8522
8523
8524
8525
8526
8527
8528
8529
8530
8531
8532
8533
8534
8535
8537
8611
8612
86840
86890
86911
86918
8741
8810
8811
8812
8813
8814
8816
8817
88805
88819
88846
88854
88858
88890
88893
88895
88899
89000
89004
89301
89309
89505
89703
89788
90106
90168
90225
90227
90508
90604
90608
90763
90820
90908
90910
91102
91107
91110
91111
91112
91115
91117
91118
91119
91120
91123
91124
91125
91127
91128
91129
91134
91135
91140
91141
91145
91162
91167
91168
91172
91174
91187
91200
91301
91305
91309
91313
91320
91321
91322
91323
91325
91401
91411
91412
91413
91416
91420
91421
91422
91423
91424
91425
91426
91428
91431
91432
91433
91434
91435
91436
91437
91438
91439
91440
91441
91442
91443
91445
91447
91451
91452
91453
91454
91456
91457
91459
91462
91463
91464
91500
91501
91502
91503
91504
91505
91506
91507
91508
91509
91510
91511
91512
91513
91514
91515
91516
91517
91518
91519
91520
91521
91522
91523
91524
91525
91526
91527
91528
91529
91530
91531
91532
91533
91534
91535
91536
91537
91539
91540
91541
91542
91543
91600
91605
91610
91611
91613
91615
91656
91662
91667
91672
91716
91800
91801
91802
91803
91804
91805
91806
91807
91808
91809
91810
91811
91812
91813
91814
91815
91815-1
91816
91817
91818
91819
91820
91821
91822
91823
91824
91826
91827
91828
91829
91830
91831
91832
91833
91834
91835
91836
91837
91838
91839
91840
91841
91842
91843
91844
91845
91846
91860
91861
91862
91901
91907
91911
91918
91923
91925
91952
91967
91972
92320
92602
92632
92840
92848
92849
92987
93111
93112
93113
93115
93122
93124
93125
93126
93127
93128
93130
93132
93133
93134
93135
93137
93138
93139
93188
93871
93880
93882
93884
93886
93900
93990
94100
94101
94110
94111
94112
94113
94114
94124
94127
94130
94131
94134
94139
94140
94142
94143
94144
94145
94146
94201
94208
94211
94216
94219
94223
94225
94226
94227
94300
94305
94307
94309
94310
94311
94312
94313
94315
94318
94320
94405
94505
94506
94509
94510
94515
94601
94602
94604
94605
94606
94607
94609
94614
94615
94617
94618
94619
94622
94623
94624
94625
94627
94628
94631
94634
94638
94639
94640
94641
94643
94644
94645
94647
94650
94651
94652
94653
94654
94657
94664
94668
94673
94674
94678
94681
94682
94685
94686
94687
94688
94690
94692
94694
94695
94701
94707
94803
94809
94810
94815
94837
94839
94843
94844
94856
94857
94860
94861
94862
94863
94864
94874
94876
94879
94880
94909
94914
94915
94919
94924
94925
94926
94933
94934
94936
94937
94938
94940
94996
95025
95139
95140
95144
95145
95146
95147
95148
95149
95150
95152
95153
95155
95156
95157
95210
95234
95236
95238
95239
95243
95248
95249
95250
95251
95253
95258
95259
95260
95261
95262
95264
96001
96002
96003
96004
96005
96007
96008
96101
96102
96103
96108
96109
96110
96112
96113
96114
96115
96116
96118
96119
96122
96125
96130
96131
96132
96136
96200
96201
96202
96203
96204
96205
96206
96207
96208
96209
96211
96212
96213
96214
96219
96221
96224
96226
96229
96230
96232
96234
96235
96236
96239
96240
96241
96242
96243
96259
96300
96301
96302
96303
96304
96305
96306
96307
96308
96309
96312
96313
96314
96318
96320
96325
96330
96332
96333
96334
96335
96339
96340
96341
96344
96345
96346
96347
96348
96349
96351
96353
96355
96356
96357
96360
96361
96362
96401
96402
96404
96405
96406
96408
96409
96410
96420
96430
96445
96447
96448
96449
96450
96464
96466
96468
96470
96471
96472
96473
96474
96475
96478
96500
96501
96502
96503
96504
96505
96506
96507
96508
96510
96511
96512
96513
96514
96515
96520
96521
96522
96523
96524
96525
96526
96559
96613
96707
96800
96803
96808
96815
96829
96831
96836
96839
96840
96841
96842
96843
96844
96846
96847
96848
96849
96850
96852
96853
96854
96855
96856
96857
96858
96859
96860
96861
96862
96863
96864
96865
96866
96867
96868
96869
96870
96871
96872
96873
96874
96875
96876
96877
96878
96879
96882
96883
96884
96886
96887
96888
96890
96892
96893
96896
96897
96898
96899
96910
96911
96912
96920
96999
97008
97100
97102
97103
97108
97112
97115
97116
97118
97209
97300
97305
97309
97310
97311
97312
97313
97322
97323
97334
97335
97338
97339
97340
97341
97342
97343
97344
97346
97348
97349
97350
97351
97352
97354
97356
97357
97362
97363
97364
97367
97368
97400
97601
97602
97603
97604
97605
97607
97608
97609
97615
97620
97629
97633
97634
97639
97647
97649
97653
97654
97655
97656
97657
97707
97708
97709
97711
97715
97716
97718
97729
97753
97755
97756
97757
97760
97761
97762
97763
97812
97817
97822
97834
97843
97844
97849
97850
97851
97861
97862
97863
97864
97865
97866
97867
97868
97870
97872
97873
97874
97875
97878
97879
97883
97884
97885
97886
97887
97902
97903
97908
97910
97914
97915
97916
97918
97919
97923
97924
97930
97939
97940
97950
97951
97960
97961
97963
97964
97965
97966
97967
97968
97969
97970
97971
97972
97973
97974
97975
97976
97977
97978
97980
97981
97982
97985
97986
97987
97989
97990
97991
97992
97994
97995
97996
97997
97998
97999
98105
98121
98122
98405
98406
98407
98408
98409
98412
98413
98416
98418
98422
98424
98425
98426
98430
98431
98435
98437
98443
98445
98447
98448
98449
98453
98454
98457
98460
98465
98471
98475
98476
98478
98481
98482
98483
98484
98486
98487
98488
98499
98529
98541
98542
98612
98804
98805
98806
98824
98825
98827
98890
99100
99101
99102
99103
99105
99110
99111
99112
99113
99115
99116
99118
99119
99121
99122
99124
99125
99127
99130
99133
99136
99137
99138
99139
99141
99143
99144
99145
99147
99149
99150
99151
99157
99159
99162
99163
99167
99176
99177
99178
99180
99182
99183
99184
99185
99190
99191
99192
99726
99727
99728
99729
99730
99731
99732
99733
99734
99736
99737
99738
99739
99740
99741
99743
99745
99804
99809
99811
99812
99818
99820
99825
99827
99828
99837
99842
99843
99846
99851
99856
99857
99859
99862
99866
99867
99872
99873
99876
99878
99879
99880
99881
99882
99883
99884
99886
99888
99889
99890
99891
99892
999999
