62763
40481
55411
34451
59546
50263
34304
34087
3405
62980
11164
53336
57107
40130
62822
51167
53116
53119
56106
74141
74143
34324
34407
40109
50425
3053
11161
11160
71019
11163
74140
74144
74142
342004
3972
11100
40112
40615
3033
3008
342831
40157
56105
57108
34420
34586
34073
55223
40983
56103
50277
34435
3007
50482
96241
62763
70930
62980
11164
74141
74143
71264
11161
72960
11160
11163
72159
74140
74144
74142
67121
11100
76949
96125
55223
80309
72101
72960
72159
72101
62763
31006
513013
5314
13322
34589
38373
38406
17172
170186
20593
3405
13266
62980
11164
10510
46101
15100
21200
24224
35575
18114
21201
26128
270001
17109
17122
26123
24159
28218
13043
34287
13289
21348
27061
46022
74141
74143
31191
17224
240110
26117
25231
10575
10615
11161
11160
11163
20444
16106
74140
74144
74142
23554
71273
3972
31007
11100
13321
23453
24185
26114
15005
10515
15200
24345
35577
71251
21202
17110
26120
270000
46519
28219
13062
55223
34317
46103
16051
17004
21350
21515
31192
14211
270002
96239
96240
62424
21123
170223
05333
74500
62763
40481
55411
34451
59546
50263
34304
34087
3405
62980
11164
53336
57107
40130
62822
51167
53116
53119
56106
74141
74143
34324
34407
40109
50425
3053
11161
11160
71019
11163
74140
74144
74142
342004
3972
11100
40112
40615
3033
3008
342831
40157
56105
57108
34420
34586
34073
55223
40983
56103
50277
34435
3007
50482
96241
54229
62763
70930
62980
11164
74141
74143
71264
11161
72960
11160
11163
72159
74140
74144
74142
67121
11100
76949
96125
55223
80309
72101
72960
72159
72101
62763
31006
513013
5314
13322
34589
38373
38406
17172
170186
20593
3405
13266
62980
11164
10510
46101
15100
21200
24224
35575
18114
21201
26128
270001
17109
17122
26123
24159
28218
13043
34287
13289
21348
27061
46022
74141
74143
31191
17224
240110
26117
25231
10575
10615
11161
11160
11163
20444
16106
74140
74144
74142
23554
71273
3972
31007
11100
13321
23453
24185
26114
15005
10515
15200
24345
35577
71251
21202
17110
26120
270000
46519
28219
13062
55223
34317
46103
16051
17004
21350
21515
31192
14211
270002
96239
96240
62424
21123
170223
05333
62763
40481
55411
34451
59546
50263
34304
34087
3405
62980
11164
53336
57107
40130
62822
51167
53116
53119
56106
74141
74143
34324
34407
40109
50425
3053
11161
11160
71019
11163
74140
74144
74142
342004
3972
11100
40112
40615
3033
3008
342831
40157
56105
57108
34420
34586
34073
55223
40983
56103
50277
34435
3007
50482
96241
54229
62763
70930
62980
11164
74141
74143
71264
11161
72960
11160
11163
72159
74140
74144
74142
67121
11100
76949
96125
55223
80309
72101
72960
72159
72101
62763
31006
513013
5314
13322
34589
38373
38406
17172
170186
20593
3405
13266
62980
11164
10510
46101
15100
21200
24224
35575
18114
21201
26128
270001
17109
17122
26123
24159
28218
13043
34287
13289
21348
27061
46022
74141
74143
31191
17224
240110
26117
25231
10575
10615
11161
11160
11163
20444
16106
74140
74144
74142
23554
71273
3972
31007
11100
13321
23453
24185
26114
15005
10515
15200
24345
35577
71251
21202
17110
26120
270000
46519
28219
13062
55223
34317
46103
16051
17004
21350
21515
31192
14211
270002
96239
96240
62424
21123
170223
05333
62763
40481
55411
34451
59546
50263
34304
34087
3405
62980
11164
53336
57107
40130
62822
51167
53116
53119
56106
74141
74143
34324
34407
40109
50425
3053
11161
11160
71019
11163
74140
74144
74142
342004
3972
11100
40112
40615
3033
3008
342831
40157
56105
57108
34420
34586
34073
55223
40983
56103
50277
34435
3007
50482
96241
54229
62763
70930
62980
11164
74141
74143
71264
11161
72960
11160
11163
72159
74140
74144
74142
67121
11100
76949
96125
55223
80309
72101
72960
72159
72101
62763
31006
513013
5314
13322
34589
38373
38406
17172
170186
20593
3405
13266
62980
11164
10510
46101
15100
21200
24224
35575
18114
21201
26128
270001
17109
17122
26123
24159
28218
13043
34287
13289
21348
27061
46022
74141
74143
31191
17224
240110
26117
25231
10575
10615
11161
11160
11163
20444
16106
74140
74144
74142
23554
71273
3972
31007
11100
13321
23453
24185
26114
15005
10515
15200
24345
35577
71251
21202
17110
26120
270000
46519
28219
13062
55223
34317
46103
16051
17004
21350
21515
31192
14211
270002
96239
96240
62424
21123
170223
05333